1   Sun     0.000000000000000E+00   0.000000000000000E+00   0.000000000000000E+00   0.000000000000000E+00   1.9891E+30
1   Earth   -1.840351322523545E-01	 9.659044372839699E-01  -1.717574663735516E-02	-3.287506714071588E-03  5.97219E+24
1   Jupiter 2.485388770502220E+00	4.364249039049698E+00   -6.652782475984181E-03	4.090799882042817E-03   1.89813E+27
1   Saturn  -6.176151340149072E+00	 6.723105785707446E+00  -4.416175811759042E-03	-3.786527922220279E-03  5.68319E+26

2   Sun     0.000000000000000E+00   0.000000000000000E+00   0.000000000000000E+00   0.000000000000000E+00   1.9891E+30
2   Earth   -6.505999959587966E-01	 7.398749243897031E-01  -1.319367286223508E-02	-1.142488439923748E-02  5.97219E+24
2   Jupiter 2.283280568446155E+00	4.482339080691660E+00   -6.820139554760647E-03	3.781855184340795E-03   1.89813E+27
2   Saturn  -6.307542198601307E+00	 6.608314852821601E+00  -4.342947979026137E-03	-3.864627312264778E-03  5.68319E+26

3   Sun     0.000000000000000E+00   0.000000000000000E+00   0.000000000000000E+00   0.000000000000000E+00   1.9891E+30
3   Earth   -9.405511982267269E-01	 3.125628993640435E-01  -5.699981939101794E-03	-1.638675463486243E-02  5.97219E+24
3   Jupiter 2.076391651648331E+00	4.591043285005565E+00   -6.971592374387309E-03	3.465185382003096E-03   1.89813E+27
3   Saturn  -6.436731241754657E+00	 6.491204693182975E+00  -4.268413450037921E-03	-3.941523045055658E-03  5.68319E+26

4   Sun     0.000000000000000E+00   0.000000000000000E+00   0.000000000000000E+00   0.000000000000000E+00   1.9891E+30
4   Earth   -9.793428910526500E-01	-1.987435826582954E-01  3.144702203015682E-03	-1.691806551605129E-02  5.97219E+24
4   Jupiter 1.865178566343805E+00	4.690183353279756E+00   -7.107034652247902E-03	3.143644505839943E-03   1.89813E+27
4   Saturn  -6.563676580540355E+00	 6.371821979082094E+00  -4.192902365049616E-03	-4.017015364570522E-03  5.68319E+26

5   Sun     0.000000000000000E+00   0.000000000000000E+00   0.000000000000000E+00   0.000000000000000E+00   1.9891E+30
5   Earth   -7.624285567561290E-01	-6.587371415289405E-01  1.096691659173188E-02	-1.307489781004728E-02  5.97219E+24
5   Jupiter 1.650101917776994E+00	4.779605803865553E+00   -7.228123652328904E-03	2.817301327340222E-03   1.89813E+27
5   Saturn  -6.688336702368602E+00	 6.250213591304094E+00  -4.116383876781158E-03	-4.090773598351866E-03  5.68319E+26

6   Sun     0.000000000000000E+00   0.000000000000000E+00   0.000000000000000E+00   0.000000000000000E+00   1.9891E+30
6   Earth   -3.508830438841374E-01	-9.512092099045889E-01  1.585622873025758E-02	-6.012806306863386E-03  5.97219E+24
6   Jupiter 1.431625814519028E+00	4.859178336492277E+00   -7.333832924983848E-03	2.487718872090838E-03   1.89813E+27
6   Saturn  -6.810672751751064E+00	 6.126427947307553E+00  -4.038875835831094E-03	-4.162663225106437E-03  5.68319E+26

7   Sun     0.000000000000000E+00   0.000000000000000E+00   0.000000000000000E+00   0.000000000000000E+00   1.9891E+30
7   Earth   1.487737829555171E-01	-1.005653880836358E+00  1.673207379294030E-02	 2.454809444547679E-03  5.97219E+24
7   Jupiter 1.210213683522616E+00	4.928791018044052E+00   -7.424756480438982E-03	2.154335698418824E-03   1.89813E+27
7   Saturn  -6.930648395698155E+00	 6.000511912521081E+00  -3.960138793072843E-03	-4.232577296380459E-03  5.68319E+26

8   Sun     0.000000000000000E+00   0.000000000000000E+00   0.000000000000000E+00   0.000000000000000E+00   1.9891E+30
8   Earth   6.115119710642158E-01	-8.102864897750538E-01  1.344642968939095E-02	 1.029616606653780E-02  5.97219E+24
8   Jupiter 9.863312246711228E-01	4.988354942778447E+00   -7.498586532072121E-03	1.817601724783440E-03   1.89813E+27
8   Saturn  -7.048227784359453E+00	 5.872512250477778E+00  -3.879771895548043E-03	-4.300671063274743E-03  5.68319E+26

9   Sun     0.000000000000000E+00   0.000000000000000E+00   0.000000000000000E+00   0.000000000000000E+00   1.9891E+30
9   Earth   9.215439471918623E-01	-4.129396160441163E-01  6.752404137432615E-03	 1.562968044640074E-02  5.97219E+24
9   Jupiter 7.604467122293915E-01	5.037807716996283E+00   -7.557092291039836E-03	1.479335091707177E-03   1.89813E+27
9   Saturn  -7.163376750408459E+00	 5.742477200747826E+00  -3.797870009780825E-03	-4.367327861853306E-03  5.68319E+26

10  Sun     0.000000000000000E+00   0.000000000000000E+00   0.000000000000000E+00   0.000000000000000E+00   1.9891E+30
10  Earth   9.980367507661749E-01	 8.857885549332331E-02  -1.799657872019277E-03	 1.706611482242916E-02  5.97219E+24
10  Jupiter 5.330279159623521E-01	5.077108161212468E+00   -7.599945742710433E-03	1.140103371519579E-03   1.89813E+27
10  Saturn  -7.276060935540329E+00	 5.610455091584189E+00  -3.714616424458700E-03	-4.432615919622695E-03  5.68319E+26

11  Sun     0.000000000000000E+00   0.000000000000000E+00   0.000000000000000E+00   0.000000000000000E+00   1.9891E+30
11  Earth   8.160957081204124E-01	 5.666019885105634E-01  -1.008706029477554E-02	 1.406329304467955E-02  5.97219E+24
11  Jupiter 3.045417133306765E-01	5.106237379275135E+00   -7.628396055175747E-03	8.018699966771103E-04   1.89813E+27
11  Saturn  -7.386245693575450E+00	 5.476496177816082E+00  -3.630211515926299E-03	-4.496541397451095E-03  5.68319E+26

12  Sun     0.000000000000000E+00   0.000000000000000E+00   0.000000000000000E+00   0.000000000000000E+00   1.9891E+30
12  Earth   4.179013718026624E-01	 8.938276867978774E-01  -1.585860156522347E-02	 7.221273446402728E-03  5.97219E+24
12  Jupiter 7.544823670020899E-02	5.125197518938901E+00   -7.641533564213448E-03	4.630472041283692E-04   1.89813E+27
12  Saturn  -7.493897918044663E+00	 5.340652095812573E+00  -3.545042629719598E-03	-4.559019550827937E-03  5.68319E+26

